gyro_bias_x: 0.0013404070382904195
gyro_bias_y: -0.00524590398989364
gyro_bias_z: -0.006397379133365078
gyro_std_x: 0.0005715805215860616
gyro_std_y: 0.0006738908972270991
gyro_std_z: 0.0006514263158506175
accel_std_x: 0.021834423228773093
accel_std_y: 0.02104593149615154
accel_std_z: 0.03323876701416993
samples: 2495
duration_s: 60
drift_deg_per_hr: -1319.554167432765
