angular_vel_rads: 0.3
ekf_rmse_vs_gt_m: 2.014515
end_pos_ekf:
  x: -0.22309503057291816
  y: 0.45284647863595706
grade: CHẤP NHẬN
gt_loop_closure_error_m: 4.079554
gt_start_pos:
  x: 0.00036102215978484336
  y: 6.171479300628622e-07
heading_error_deg: -6.7388
linear_vel_ms: 0.4
loop_closure_error_m: 0.504031
loop_closure_error_pct: 2.5202
mode: sim
side_length_m: 5.0
start_pos:
  x: 0.00035776239445779295
  y: -3.561785780632731e-05
timestamp: 1777002326
total_path_m: 20.0
verdict: Dùng được nhưng nên kết hợp GPS hiệu chỉnh
